1	68.55
2	65.74
3	70.62
4	75.07
5	79.13
6	81.74
7	84.71
8	83.62
9	85.79
10	86.18
11	86.40
12	84.37
13	79.46
14	79.74
15	77.68
16	72.81
17	64.07
18	60.09
19	58.88
20	56.95
21	51.51
22	49.90
23	48.65
24	59.99
25	54.53
26	57.85
27	55.05
28	54.91
29	56.94
30	58.86
31	58.82
32	52.13
33	55.50
34	54.67
35	46.99
36	44.78
37	46.01
38	48.12
39	42.59
40	49.48
41	42.94
42	45.51
43	43.78
44	44.35
45	48.29
46	40.26
47	40.57
48	41.66
49	40.97
50	45.90
51	41.97
52	33.39
53	29.50
54	44.80
55	39.02
56	33.18
57	31.94
58	33.57
59	39.70
60	32.35
61	45.43
62	45.22
63	30.42
64	36.30
65	30.97
66	36.52
67	39.45
68	36.98
69	37.50
70	33.36
71	36.30
72	39.77
73	43.27
74	46.75
75	39.37
76	32.77
77	37.76
78	34.43
79	35.98
80	34.61
81	26.11
82	31.80
83	36.80
84	35.20
85	29.79
86	27.10
87	30.70
88	32.54
89	27.31
90	39.56
91	38.27
92	29.44
93	33.44
94	30.82
95	34.02
96	37.12
97	30.93
98	33.59
99	30.17
100	32.39
101	35.64
102	43.41
103	40.31
104	37.81
105	33.43
106	36.89
107	35.15
108	32.08
109	31.93
110	30.57
111	26.90
112	32.78
113	39.93
114	28.20
115	32.79
116	34.68
117	31.97
118	30.25
119	34.76
120	35.87
121	28.06
122	31.36
123	28.50
124	30.04
125	33.84
126	36.85
127	33.37
128	32.00
129	32.75
130	31.28
131	37.38
132	37.29
133	33.29
134	33.63
135	33.25
136	38.69
137	32.48
138	33.41
139	27.63
140	30.69
141	35.83
142	39.28
143	32.28
144	33.37
145	34.48
146	30.80
147	26.88
148	37.17
149	38.17
150	32.29
151	30.26
152	32.21
153	31.60
154	35.91
155	36.21
156	33.04
157	33.52
158	37.35
159	36.31
160	38.88
161	42.26
162	37.36
163	36.38
164	36.20
165	37.18
166	34.86
167	34.26
168	29.77
169	32.78
170	33.56
171	38.74
172	32.44
173	31.60
174	33.03
175	32.36
176	34.81
177	38.49
178	36.04
179	31.22
180	33.30
181	36.64
182	37.20
183	47.47
184	36.06
185	35.81
186	38.84
187	35.65
188	37.20
189	43.48
190	39.90
191	34.16
192	40.96
193	43.37
194	35.04
195	43.41
196	33.39
197	44.41
198	40.41
199	46.17
200	40.82
201	41.29
202	42.25
203	44.14
204	43.76
205	48.47
206	48.72
207	48.44
208	51.50
209	52.46
210	50.48
211	54.16
212	48.23
